First_Name,Last_Name,Day_Of_Birth,Month_Of_Birth,Year_Of_Birth,Sex,Address,Postcode,Resident_ID,Cluster_Number,Source
Ryan,Jones,27,11,1962,M,"Studio 95c, Stuart tunnel, Leachtown",WD0Y 0QH,c5978561406002516954,201,cen
Ryan,-9,27,11,1962,M,"Studio 95c, Stuart tunnel, Leachtown",WD0Y 0QH,c8776593725812672444,201,pes
Liam,Peters,30,10,1945,Male,"7 Annette mountains, Cliffordborough",WD0Y 0QH,c2433753909341458583,201,pes
Wayne,Finch,7,4,2019,1,"Studio 6, Yvonne neck, Lake Jonathanhaven",BB8 6NN,c8699957253039180038,202,cen
WayWe,Finch,7,4,2019,1,"Studio 6, Yvonne neck, Lake Jonathanhaven",BB8 6NN,c3598742930813918425,202,pes
Nathan,Hall,3,7,2018,Male,"4 Hayes loaf, East Ameliabury",B4 7LF,c3529715080069932781,203,cen
Melanie,Watkins,21,2,2007,F,"Studio 00, Manning curve, East Holly",B4 7LF,c1610911340231896441,203,pes
Nathan,Hall,3,7,1966,Male,"4 Hayes loaf, East Ameliabury",B4 7LF,c2942715647332327595,203,pes
Owen,Nixon,24,11,1934,Male,"9 Edwards bypass, North Jaynetown",G2 4QZ,c7786463229765992501,204,cen
Owen,Nixon,28,11,1966,Male,"9 Edwards bypass, North Jaynetown",G2 4QZ,c4162512468986916519,204,pes
Rebecca,Wright,9,6,1971,Female,"2 Stewart mission, Justinstad",G2 4QZ,c8131164294423931651,204,cen
Jemma,John,1,3,1947,Female,"0 Richards flat, Brucefort",KA2B 7HZ,c5364624218613899125,205,cen
Lesley,Wade,-9,12,1949,Male,"1 Janice hollow, North Mauricefurt",KA2B 7HZ,c7341041789148787723,205,pes
-9,John,1,3,1947,Female,"31 Powell knoll, Stevensland",KA2B 7HZ,c2478072651527979674,205,pes
Jemma,John,1,3,1947,Female,"Flat 93m, Dean extensions, Bartonview",KA2B 7HZ,c1008002531845014330,205,pes
Josephine,Hughes,15,4,1936,F,"811 Jackson corners, East Amyberg",N9D 5EN,c8866732217418738473,206,pes
Laura,Barnett,11,7,1946,Female,"b Jones ways, Leestad",N9D 5EN,c3070833563387086747,206,pes
Josephine,Hughes,15,4,1936,F,"811 Jackson corners, East Amyberg",N9D 5EN,c3429778714173940610,206,cen
Lindsey,Jackson,30,8,1993,F,"Flat 35, Beverley parks, Dianaborough",L37 0UQ,c9179427412134726634,207,cen
Lindsey,jackson,20,8,1977,F,"Flat 35, Beverley parks, Dianaborough",L37 0UQ,c1468537122666201280,207,pes
Edward,Reid,13,3,1947,Male,"733 Debra turnpike, New Alexanderburgh",LL14 7ZG,c6770146033979894791,208,cen
Edward,Reid,22,3,1947,Male,"733 Debra turnpike, New Alexanderburgh",LL14 7ZG,c6850241410306989897,208,pes
Carol,Smith,8,7,2013,Male,"Flat 67, Davies club, Hodgsonfort",BB3B 7UR,c1848481118050550173,209,cen
Liam,Smith,8,7,2013,Male,"Flat 67, Davies club, Hodgsonfort",BB3B 7UR,c8649386019270129203,209,pes
Martin,Ward,28,3,1936,Male,"Flat 16i, Kathryn locks, Ericburgh",W76 0BL,c2206598359916745165,210,pes
Martin,Cox,28,3,1936,Male,"2 Foster plains, Tobyborough",W76 0BL,c2755570226441006068,210,cen
Dgrren,murpHy,27,8,1957,Male,"70 Winter walk, East Kirstyfurt",SO8 3QX,c2490330696236892189,211,pes
Darren,Murphy,27,8,1974,Male,"70 Winter walk, East Kirstyfurt",SO8 3QX,c7216078237670888777,211,cen
Elaine,Bell,11,1,1938,Female,"30 Barker mission, South Oliviaview",W3 8RR,c9036285426627605994,212,cen
Elaine,Payne,11,1,1955,Female,"30 Barker mission, South Oliviaview",W3 8RR,c5075213287439027999,212,pes
Richard,Bird,2,4,2017,M,"Flat 04, Fox lake, Lake Vincent",N2J 1TU,c7958925559107271333,213,cen
Richard,Bird,2,4,2003,M,"Flat 04, Fox lake, Lake Vincent",N2J 1TU,c7508633428873375129,213,pes
Emily,Harrison,1,2,1997,2,"Flat 10W, Jones trace, South Catherineview",N5U 8EN,c1552626364295125454,214,cen
Billy,Harrison,1,11,1997,2,"Flat 10W, Jones trace, South Catherineview",N5U 8EN,c6173452727375422409,214,pes
Bruce,Parkinson,17,4,2003,Male,"Flat 56Y, Fiona stream, Richardsonburgh",E2 4NZ,c9071862169295846480,215,cen
Megan,Hayes,13,7,1962,Female,"Flat 83, Carolyn village, East Conorchester",E2 4NZ,c4729163178112594596,215,cen
Bruce,Parkinson,17,4,2003,Male,"Flat 56Y, Fiona stream, Richardsonburgh",E2 4NZ,c2031854433932785318,215,pes
Charlie,Smith,26,-9,1937,M,"9 rachel Key, lAke billyMoutH",E44 5LQ,c4379536595735630082,216,pes
Gareth,Stone,30,11,1960,Male,"0 Jay center, Lake Mohammed",E44 5LQ,c6406227466796666582,216,cen
Gareth,-9,30,11,1960,Male,"0 Jay center, Lake Mohammed",E44 5LQ,c7373531033523143344,216,pes
Maurice,-9,-9,5,1995,1,"0 Francis ridge, North Mohamedtown",BL10 2FH,c2374783150880185578,217,pes
Alison,Dodd,19,1,1978,Female,"Flat 7, Michael green, East Ellie",BL10 2FH,c5955438560486490946,217,cen
Lynne,Dodd,15,1,1978,Female,"Flat 7, Michael green, East Ellie",BL10 2FH,c3097569278094059270,217,pes
Donald,Johnson,21,5,2011,Male,"215 Riley trail, East Albertfort",SO6V 1RU,c2320718746432309251,218,cen
Donald,joGnSon,21,5,2011,-9,"215 Riley trail, East Albertfort",SO6V 1RU,c4405416402203968747,218,pes
katiE,Griffiths,23,8,2002,F,"384 Ian lock, West Donnafort",S9 7EJ,c6096144523598190800,219,pes
Katie,Griffiths,17,8,2002,F,"384 Ian lock, West Donnafort",S9 7EJ,c6467542512104991414,219,cen
Denis,Smart,16,6,1949,Male,"88 Joshua falls, West Scottland",M56 5XS,c4964082788518951287,220,pes
Denis,Smart,16,6,1949,Male,"Flat 42, Mason hills, Samuelborough",M56 5XS,c2620172164716619166,220,cen
Joanne,Gill,29,1,1993,Female,"7 Campbell road, Robinsonchester",L02 3PT,c7357929363170356708,221,cen
Joanne,GVll,29,11,1993,Female,"051 Alexandra isle, North SophietowU",L02 3PT,c4363316550687392999,221,pes
Jacob,Chapman,9,9,1984,Male,"420 Iain neck, East Joanne",L38 9FH,c3460130778847718608,222,cen
Jacob,Chapman,-9,2,1984,Male,"420 Iain neck, East Joanne",L38 9FH,c1367965257992700209,222,pes
Billy,Warren,30,11,1994,Male,"6 Douglas junction, Port Dannytown",E39 7NT,c9130541348979333550,223,cen
Carol,Warren,30,11,1994,Male,"6 Douglas junction, Port Dannytown",E39 7NT,c4300207669576461504,223,pes
Douglas,Baldwin,4,5,2011,Male,"Studio 68j, Ellie lock, Jenniferview",LL2 7RW,c3887890950504010888,224,pes
Duncan,Butler,30,3,1958,Male,"0 Butler forges, Sylviaburgh",LL2 7RW,c7260039238065422964,224,cen
Duncan,-9,7,3,1958,Male,"0 Butler forges, Sylviaburgh",LL2 7RW,c7290954851233272684,224,pes
Duncan,-9,17,9,1973,Male,"Studio 5, Sinclair station, Smithmouth",IP48 6XW,c7151375019942424135,225,pes
-9,Allen,23,3,1994,M,"213 Norman inlet, west rIta",IP48 6XW,c3109976449424544743,225,pes
Mark,Allen,23,3,1994,M,"213 Norman inlet, West Rita",IP48 6XW,c5611023494932048257,225,cen
Samuel,Scott,12,9,1956,Male,"Studio 41, Jordan garden, Amandaport",EC78 6YS,c4262109596844601027,226,pes
Naomi,Patel,4,-9,1943,2,"85 davId parks, brAdleyHaven",EC78 6YS,c5711343736567545224,226,pes
Naomi,Patel,4,1,1943,2,"85 David parks, Bradleyhaven",EC78 6YS,c5554280718786803635,226,cen
David,Gill,8,4,2014,Male,"Flat 9, Jacob drive, Sharonchester",LU0Y 7LH,c2909305589597784371,227,cen
David,Gill,31,4,2014,Male,"Flat 9, Jacob drive, Sharonchester",LU0Y 7LH,c6164013984205353660,227,pes
Elizabeth,Read,19,12,1996,Female,"442 Louise heights, Elliottfort",BN69 3RF,c9067800854756239068,228,pes
Elizabeth,Thompson,19,12,1996,Female,"442 Louise heights, Elliottfort",BN69 3RF,c7242314121897611840,228,cen
Barry,Hutchinson,26,11,1947,1,"45 Sharon canyon, New Danielle",W1 8LB,c2290706805349224519,229,cen
Barry,Hutohinson,26,11,1947,1,"45 Sharon canyon, New Danielle",W1 8LB,c1480600931374033516,229,pes
Hayley,-9,15,7,1977,Female,,W1 8LB,c7912710884454542378,229,pes
Paula,Hughes,27,11,1956,2,"65 Charlene glen, New Jeffrey",B6 5QE,c4314578758887350184,230,cen
Trevor,Miller,30,12,1989,Male,"19 Ann rapids, Andrewshaven",B6 5QE,c3742881769128730079,230,cen
Trevor,miller,30,12,1989,-9,"19 Ann rapids, Andrewshaven",B6 5QE,c3183516460512226997,230,pes
Lauren,Ahmed,29,5,1966,M,"086 Gordon throughway, West Kelly",W5 2BA,c2369688616675437504,231,cen
Lauren,Ahmed,-9,5,1966,M,"086 Gordon throughway, West Kelly",W5 2BA,c2498814234192432276,231,pes
Leslie,O'Connor,20,1,1954,Male,"254 Linda orchard, Baileyville",CV5 1LG,c8377655629942924137,232,pes
KiWsty,Chandler,29,-9,1947,Female,"45 Hargreaves flat, New Abigailberg",CV5 1LG,c7810999345533351999,232,pes
Kirsty,Chandler,29,11,1947,Female,"45 Hargreaves flat, New Abigailberg",CV5 1LG,c4982427954643604556,232,cen
Aimee,Riley,24,1,1992,Female,"Flat 4, Sean tunnel, Katyfurt",CT1A 2WH,c2633019858743376986,233,pes
Rachel,Riley,24,1,1992,Female,"3 Shaw rest, East Emilymouth",CT1A 2WH,c8055295814621150234,233,cen
Ashleigh,Parkinson,15,2,1991,Male,"Studio 2, Marc oval, Port Jasonburgh",N8U 0AF,c2294541738558372761,234,cen
Ashleigh,Baker,15,2,1991,Male,"Studio 2, Marc oval, Port Jasonburgh",N8U 0AF,c4802744767555862032,234,pes
Catherine,gbEEn,14,11,1961,Female,"Studio 58, Stevens light, South Janetside",WR4W 1RQ,c2654310115628049978,235,pes
Cameron,Finch,27,9,2014,Male,"Studio 89z, Henry wall, South Oliver",WR4W 1RQ,c3098836257661715257,235,cen
Carl,Pugh,3,5,1944,Male,"910 Jacob meadows, Port Jodieport",B3G 0HW,c8216241685222267718,236,pes
Robert,Pugh,3,5,1944,Male,"910 Jacob meadows, Port Jodieport",B3G 0HW,c3386987447693871192,236,cen
Kathleen,Knight,23,6,1964,2,"Flat 2, Douglas roads, Darrenmouth",E0B 1EJ,c8363034885900654898,237,cen
Kathleen,Whitehead,23,6,1964,2,"Flat 2, Douglas hoads, Darrenmouth",E0B 1EJ,c4797383677920015145,237,pes
Garry,Howarth,1,10,1934,Male,"Studio 1, Smith oval, Burrowston",CT5A 5HW,c5292619099303359602,238,cen
Alexander,Brooks,15,8,1964,Male,"5 Allen row, Leesbury",CT5A 5HW,c4659498293654802207,238,pes
Edward,Howarth,1,10,1934,Male,"sTUdiO 1, sMith ovAL, burroWSton",CT5A 5HW,c3288938781627991146,238,pes
Iain,King,15,11,1970,Male,"Studio 42i, Natasha overpass, Gregorychester",G5 6XX,c2468340914673770763,239,pes
Iain,King,15,11,1970,Male,"Studio 42i, Natasha overpass, Gregorychester",G5 6XX,c1948436895386429190,239,cen
Allan,Wilson,4,6,1943,Male,"Flat 67, Morgan creek, Garyside",PE11 9FG,c7468149635089260607,240,pes
Allan,Wilson,4,6,1978,Male,"Flat 67, Morgan creek, Garyside",PE11 9FG,c8480870153948440089,240,cen
Callum,Reynolds,28,1,2015,M,"Flat 78, Scott place, Collinsside",M9 2YH,c4528324623494817703,241,pes
Callum,Reynolds,1,1,2015,M,"74 Bradley lodge, Williamton",M9 2YH,c2358455038200376135,241,cen
Jacob,Marshall,2,8,1966,Male,"Flat 4, Mitchell estate, Thomasborough",N0 9AS,c7028613763998822671,242,cen
Jacob,Marshall,2,-9,1989,Male,"Flat 4, Mitchell estate, Thomasborough",N0 9AS,c1357171429701472912,242,pes
wina,Alexander,3,8,1984,2,"FlAt 5, jordAn DrivE,oBaileyborough",N0 9AS,c1709142925398343946,242,pes
Pamela,Taylor,25,5,1957,Female,"Studio 8, Osborne track, East Gary",W8U 4ZR,c5341349175503144055,243,pes
Pamela,Walker,25,5,1957,Female,"Studio 8, Osborne track, East Gary",W8U 4ZR,c2755226871623581030,243,cen
Gemma,Jenkins,7,8,1983,Female,"7 McKenzie hollow, North Eleanorborough",DA10 7TG,c2840734438975171201,244,pes
Fiona,Burton,3,8,2016,Female,"00 Naomi river, North Geoffrey",DA10 7TG,c1109672546768669800,244,pes
Fiona,Burton,3,8,2016,Female,"00 Naomi river, North Geoffrey",DA10 7TG,c1557361953131029056,244,cen
dYLAn,brown,-9,5,1999,1,"1 Guy plain, Cookfurt",TS3 0RF,c4225029719784582868,245,pes
Dylan,Brown,10,3,1999,1,"1 Guy plain, Cookfurt",TS3 0RF,c8480711273910754521,245,cen
Judith,Peacock,5,12,1979,2,"Flat 49, Daniel plains, Mariamouth",RH1 2UP,c8568112305374821658,246,pes
Jeffrey,White,28,12,1992,M,"Studio 8, Taylor mill, Janetton",RH1 2UP,c5577020494237354110,246,cen
Marian,Williamson,20,12,1978,Male,"567 Singh junction, New Terencebury",L6 1NY,c9036536533296857894,247,pes
Marian,Williamson,20,12,2012,Male,"567 Singh junction, New Terencebury",L6 1NY,c6328046645040884372,247,cen
Katy,West,-9,12,1974,Female,"Studio 16, Davis street, Thomastown",S3H 8ZS,c3056106858250482362,248,pes
Jennifer,-9,3,5,1995,Male,"34 Reynolds falls, Lake Annette",S3H 8ZS,c8894985073345304607,248,pes
jAmes,daviDson,3,5,1995,Male,"34 Reynolds falls, Lake Annette",S3H 8ZS,c1410517790714402479,248,pes
Joanne,Cavies,26,1,1948,Female,"Studio 99, Rhys forks, New Leonstad",S3H 8ZS,c7737274050717826113,248,pes
James,Davidson,3,5,1995,Male,"34 Reynolds falls, Lake Annette",S3H 8ZS,c1295732434816691172,248,cen
Angela,Ingram,7,7,1948,Female,"26 gIlL clifFs, neW mitchellboroUGh",TF5W 1HL,c7087731643824398171,249,pes
Hannah,Chambers,13,3,1962,Female,"Studio 0, Danielle shoals, Watersmouth",TF5W 1HL,c8935085058066317214,249,cen
Bethany,Bowen,26,10,1999,2,"1 Williams valleys, Howellsmouth",LN9 5GL,c4675199976963634231,250,pes
Bethany,Bowen,26,10,1999,2,"1 Williams valleys, Howellsmouth",LN9 5GL,c5409519444410809746,250,cen
Dalny,Scott,12,2,1954,M,"Flat 14, Jones village, Bowenchester",N5 9JG,c3569659645908548012,251,pes
Danny,Scott,12,2,1954,M,"Flat 14, Jones village, Bowenchester",N5 9JG,c7602793616943882079,251,cen
Samantha,Sutton,16,2,1995,Female,"Flat 62, Aimee prairie, Phillipville",NW98 5NL,c4507779299558377826,252,cen
Samantha,O'Brien,16,2,1995,Female,"Flat 62, Aimee prairie, Phillipville",NW98 5NL,c8132679315338431312,252,pes
Anne,Walton,12,-9,1967,Female,"Studio 72, Olivia parks, East Shannonland",DD8 2PB,c4238751379307936856,253,pes
Anne,Fleming,12,8,1979,Female,"Flat 4, Barbara rest, East Adrian",DD8 2PB,c7188947623612181032,253,cen
Hilary,Hall,8,5,1998,-9,"791 Harrison fork, Ashleyport",LL10 4JA,c5248518295203672819,254,pes
-9,Brown,28,8,1996,Male,"Flat 20W, Sophie squares, Paulineside",LL10 4JA,c5698438059844707765,254,pes
Denis,Brown,28,8,1984,Male,"Flat 20W, Sophie squares, Paulineside",LL10 4JA,c8605287250964608883,254,cen
Dominic,Phillips,22,3,2022,Male,"StudiO 63, leOnard gLEns, jhmesstad",NG3X 1RB,c2177647111898683821,255,pes
Anne,Rogers,26,12,1957,Female,"42 Cox view, Paulberg",NG3X 1RB,c7267448371482546846,255,pes
Dominic,Phillips,22,3,2022,Male,"Studio 63, Leonard glens, Jamesstad",NG3X 1RB,c3175961948161866615,255,cen
Donna,Berry,7,2,1942,Female,"391 Marion stream, North Elainemouth",TD43 7ZA,c6166112588428105694,256,cen
Donna,Rowe,7,2,1942,Female,"350 Victor station, Port Samuelbury",TD43 7ZA,c8781400775039426597,256,pes
Eleanor,Pratt,25,3,2009,Female,"49 Jayne burg, Middletonton",LU2 0HX,c2074094340861523343,257,cen
-9,Matthews,9,9,2006,1,"Flat 2, Talbot valleys, East Kimboqough",LU2 0HX,c4054318423795658535,257,pes
Eleanor,Pratt,25,3,1973,Female,"49 Jayne burg, Middletonton",LU2 0HX,c2602754266509104439,257,pes
Leon,Hart,16,11,1959,Male,"29 Simpson ferry, New Geraldine",B0C 6JG,c4350917710783780476,258,cen
June,Burns,15,1,-9,Male,"48 Danielle radial, West Ellie",B0C 6JG,c5249603846490026423,258,pes
Leon,Carpenter,16,-9,1959,Male,"29 simpson ferrY, new Geraldine",B0C 6JG,c1254570034292185209,258,pes
Marion,Cooper,26,7,1935,Female,"04 Wilson stravenue, Johnchester",L2 2AW,c2830011525327701505,259,cen
mARIok,Cooper,26,7,1935,Female,"04 WilsonCstravenue, Johnchester",L2 2AW,c9089251550218094950,259,pes
Antony,Evans,13,9,1982,Male,"8 Thomas drives, Adamchester",N2J 9WY,c2195269426964144980,260,cen
Rebecca,Richardson,19,7,1974,Female,"Studio 20, Cross creek, Mohammedville",N2J 9WY,c8437049853293157741,260,cen
Antony,ivans,26,9,1982,Male,"8 Thomas drives, Adamchester",N2J 9WY,c3409284955653549218,260,pes
Diana,johnson,9,2,2002,2,"Flat 6, Mistry mills, Leetown",M78 4YD,c6354995109802188507,261,pes
Diana,Johnson,9,1,2002,2,"Flat 6, Mistry mills, Leetown",M78 4YD,c7865081216703256500,261,cen
Leah,Holt,3,6,1956,F,"Studio 59, French row, Taylorfort",BL8 1QQ,c9142937087366322282,262,cen
aeah,Murphy,3,6,1980,F,"Studio 59, French row, Taylorfort",BL8 1QQ,c1352860362262289029,262,pes
Phillip,Doherty,19,12,1939,Male,"8 Hall view, Parkerhaven",B0 9LQ,c7205826233854777888,263,cen
Phillip,Pricp,19,12,1939,Male,"8 Hall view, Parkerhaven",B0 9LQ,c6502398627617719548,263,pes
Jamie,Howard,7,1,1977,Male,"33 Holmes pass, West Zoe",M4D 7AW,c4791980719568357696,264,cen
Jamie,HoDard,7,1,2000,Male,"33 Holmes pass, West Zoe",M4D 7AW,c5025023139595233311,264,pes
Scott,Jones,14,7,2020,Male,"06 Ward underpass, South Clifford",PE7 6GA,c4284494038067154434,265,cen
Neil,Jones,14,7,1996,Male,"Flat 01e, Law throughway, Port Samton",PE7 6GA,c2199622410114259047,265,pes
Samuel,-9,16,4,2001,Male,"Studio 6, Williams points, East Dianeton",PE7 6GA,c2066644117861998381,265,pes
Mathew,Smith,16,5,1990,Male,"Flat 72R, Kyle isle, Kyleside",HD63 1EL,c6681219580193625373,266,cen
mandy,Smith,16,5,1990,Male,"6 Thomas way, Adamsburgh",HD63 1EL,c2753167264285935149,266,pes
Allan,Reed,20,11,1937,Male,"Flat 61, Lesley corner, South Glen",M5T 9UW,c2694698878332266554,267,pes
Scott,Burns,22,4,1964,Male,"64 Tyler hill, Smithside",M5T 9UW,c1409393487725035148,267,pes
Craig,Reed,20,11,1937,Male,"Flat 61, Lesley corner, South Glen",M5T 9UW,c7626834244331417220,267,cen
danNy,-9,7,4,1944,Female,"65 Kirby streets, Port Kirsty",G44 6RJ,c5795418783712728803,268,pes
Leanne,Willis,7,4,1944,Female,"65 Kirby streets, Port Kirsty",G44 6RJ,c5065597810647049690,268,cen
Katherine,Flynn,6,5,2011,1,"330 Ryan cove, Port Carl",G2A 1HP,c8438749769984540278,269,pes
Tom,Flynn,6,5,2011,1,"330 Ryan cove, Port Carl",G2A 1HP,c7953710986637488265,269,cen
kevin,Green,10,6,1935,M,,B99 0WD,c7335138963629014380,270,pes
Kevin,Green,10,6,1935,M,"Flat 2, Johnson radial, Lake Liambury",B99 0WD,c4925995642118318597,270,cen
Antony,Taylor,4,11,1967,Male,"Studio 02T, Julian well, Denisestad",G0 8XH,c7797972809347788970,271,pes
Lawrence,Sharp,17,8,1970,1,"05 Clifford tunnel, Roymouth",G0 8XH,c6532037629781022567,271,cen
Antony,White,4,11,1967,Male,"Studio 02T, Julian well, Denisestad",G0 8XH,c8177099858807261638,271,cen
Stuart,Butler,23,12,2006,Female,"Flat 95w, Jones falls, North Francisfort",IM42 4SA,c4325659286851963612,272,pes
Pauline,James,20,3,2016,Female,"0 George dam, Donnaville",IM42 4SA,c2807133324760044431,272,cen
Pauline,James,-9,3,2016,Female,"0 George dam, Donnaville",IM42 4SA,c2817328333720801091,272,pes
Gordon,Chambers,25,8,1965,Male,"63 bryAN HIghwAy, jadefurt",S1D 2UQ,c5369647747086332065,273,pes
Jenna,Bowen,8,7,1955,2,"Flat 94K, Elliott manors, East Mohammad",S1D 2UQ,c4485783991807642299,273,cen
Bernard,hancock,3,2,1982,Male,"8 Walker turnpike, West Amanda",S1D 2UQ,c6747594175445466447,273,pes
Bernard,Hancock,3,2,1982,Male,"8 Walker turnpike, West Amanda",S1D 2UQ,c2289715232350830827,273,cen
Joel,Young,12,1,1961,Male,"Studio 7, Arthur bridge, Patelborough",GY2 9PA,c9152193067152627401,274,cen
JPel,Young,12,1,1961,Male,"Studio 7, Arthur bridge, Patelborough",GY2 9PA,c7118669454145275526,274,pes
Shannon,Clarke,18,12,1954,Male,"018 Peters junctions, North Aliceview",G00 9DQ,c2794592151454676322,275,cen
Shannon,Clarke,6,12,1954,Male,"018 Peters junctions, North Aliceview",G00 9DQ,c2149465653008631699,275,pes
Julia,PErry,5,9,2013,Female,"7 Linda estate, South Howardberg",CM7 1EZ,c5677379567439178640,276,pes
Henry,Smith,19,1,1944,Male,"7 Williams curve, Singhborough",CM7 1EZ,c7886286637618849723,276,cen
Charlene,Walsh,21,1,2018,2,"Studio 81M, Roberts tunnel, New Mauriceside",M9 7QF,c1179580126360731131,277,cen
Charlene,Williams,21,1,-9,2,"Studio 81M, Roberts tunnel, New Mauriceside",M9 7QF,c7151001353749350294,277,pes
Jennifer,Abbott,26,9,1935,Female,"Studio 6, Brown ville, West Christianmouth",S78 3XF,c4008506266253029397,278,pes
Jennifer,Abbott,26,9,1935,Female,"Studio 6, Brown ville, West Christianmouth",S78 3XF,c2836489813184908555,278,cen
Amy,Ball,19,12,2016,Female,"Flat 59w, Iain ramp, Lake Alexanderland",B1A 6EH,c8752899801627359542,279,cen
AmI,Ball,19,12,2016,Female,"692 Lewis branch, Wattsmouth",B1A 6EH,c7278328719653492027,279,pes
KIeran,Green,3,4,1976,Male,,B1A 6EH,c7430612585636410934,279,pes
FraIk,Murphy,30,5,1987,Male,"Studio 02V, Walters port, Cunninghamfurt",HR6 8ND,c6113552591752531744,280,pes
Frank,Murphy,30,4,1987,Male,"Studio 02V, Walters port, Cunninghamfurt",HR6 8ND,c1140027796705159523,280,cen
Brkan,Jackson,28,7,2017,M,"Flat 97, Anthony glen, Phillipside",M3 2WW,c2769412568131432182,281,pes
Bryan,Smith,28,7,2017,M,"Flat 97, Anthony glen, Phillipside",M3 2WW,c2679070176702399218,281,cen
Katie,Lee,19,12,1952,Female,"57 Houghton heights, North Marieberg",M3 2WW,c5455710389379997093,281,cen
Paige,McDonald,27,7,1978,Female,"9 Fleming mountain, Gibsonshire",M3 2WW,c5927885326865758747,281,cen
George,Dean,6,11,1998,Male,"0 Banks court, West Donald",SK28 5ZB,c4496997968836013159,282,pes
George,Dean,6,11,1998,Male,"0 Banks court, West Donald",SK28 5ZB,c3979051054034003197,282,cen
Pauline,Riley,10,8,-9,Female,"4 Charlotte valley, Hazelview",NG9H 7AN,c8123860868651996698,283,pes
Louise,-9,30,3,1989,Female,"Studio 6, Tucker key, East Christian",NG9H 7AN,c2605118901180318630,283,pes
Pauline,Riley,10,8,1959,Female,"270 Kathleen mews, South Mathewview",NG9H 7AN,c6242285959558588171,283,cen
Patrick,Doherty,30,11,1961,Male,,IM82 6FE,c7326429281438423362,284,pes
Patrick,Doherty,30,11,1961,Male,"Flat 28X, Little via, Millerborough",IM82 6FE,c6343684739552593826,284,cen
Fiona,Shah,8,6,1969,Female,"Flat 1W, Steven centers, New Katebury",IM82 6FE,c6249069527258522287,284,pes
Pamela,Smith,28,6,2015,Female,"Studio 93v, Lewis underpass, Lake Danielle",W3D 7RF,c3714908965028676374,285,cen
Debra,Dilliams,-9,9,1954,Male,"8 Walsh pike, Paulineburgh",W3D 7RF,c4745382362973408538,285,pes
Joan,White,20,3,1962,Female,"0 Amber isle, Phillipmouth",KW49 8BR,c5328525014904694337,286,cen
joan,Whitr,20,3,1962,Female,"Studio 15, Sophie throughway, South Victoria",KW49 8BR,c6127768332879230118,286,pes
marilyn,Chambers,1,5,1987,Male,"011 Malcolm views, Maryview",KW49 8BR,c8689757449666272482,286,pes
Anthony,Austin,4,1,1976,Male,"Studio 5, Davidson dale, Lake Jason",B4C 1EE,c8184986148833353938,287,cen
Oliver,owEn,25,12,1976,-9,"Studio 5, Davidson dale, Lake Jason",B4C 1EE,c3802751737312221835,287,pes
Joanna,Price,12,10,1936,Female,"3 Foster circle, South Kevinside",WN3V 0FE,c4914497420055205193,288,cen
Joanna,Price,12,1,1936,Female,"3 Foster circle, South Kevinside",WN3V 0FE,c8247346014893188680,288,pes
Dylan,-9,4,6,1998,Male,"Studio 09V, Potter plaza, Andersontown",DN9P 4EB,c6595465331087368678,289,pes
stuart,-9,3,12,1976,Female,"73 Jordan rest, Barberstad",DN9P 4EB,c4658402544757551994,289,pes
Catherine,Coates,3,12,1976,Female,"73 Jordan rest, Barberstad",DN9P 4EB,c5722584173494970403,289,cen
-9,Douglas,10,3,2013,Female,"Flat 17y, Dawn spur, Christopherton",BT6H 8PD,c3972224561142745514,290,pes
Frank,Dougmas,19,3,2013,Female,"Flat 17y, Dawn spur, Christopherton",BT6H 8PD,c6704387955790016838,290,pes
Joan,Douglas,19,3,2013,Female,"Flat 17y, Dawn spur, Christopherton",BT6H 8PD,c4237591769704916726,290,cen
Owen,Ali,21,8,1981,Male,"Studio 8, Beverley mountain, Edwardsburgh",G8 0ZQ,c7231561381581251177,291,pes
Owen,Ali,21,8,2020,Male,"Studio 8, Beverley mountain, Edwardsburgh",G8 0ZQ,c2659970359139146955,291,cen
Lydia,atkins,24,5,1936,Female,"Studio 9, Tom burgs, Janeside",E1 6PE,c8320916867829381826,292,pes
Jessica,Jones,22,8,2004,F,"05 Liam parkway, West Guybury",E1 6PE,c7977019240241594482,292,cen
Lydia,Patel,24,5,1971,Female,"Studio 49q, Harper brook, Mitchellland",E1 6PE,c7791414694953163832,292,cen
Philip,Hewitt,15,1,2017,Male,"25 Julie terrace, North Graceview",E1 6PE,c3983308162642376436,292,pes
Nigel,Taylor,17,5,2004,Male,"535 Natalie harbors, Ashtonchester",BR2 3GD,c7788046246805784409,293,pes
Nigel,Poole,17,5,2004,Male,"Studio 01, Vanessa ports, West Joannabury",BR2 3GD,c6140073346104032736,293,cen
Kelly,Watson,17,7,2019,Male,"8 Dixon shores, South Colin",EC5Y 4ZS,c8198062770158963427,294,cen
Kelly,Watson,17,7,2019,Male,"8 Dixon shores, South Colin",EC5Y 4ZS,c7076825584320701733,294,pes
Natasha,Gould,13,4,1989,F,"36 Ian river, South Helen",JE9 5NA,c1198563842253982026,295,cen
-9,Gould,13,4,1957,F,"36 Ian river, South Helen",JE9 5NA,c3617467591554574600,295,pes
Lisa,Pritchard,8,7,1960,Female,"4 Mohammad well, Sallyberg",E9 7GR,c7805811437706320710,296,cen
Antony,Pritchard,8,7,2004,Female,"4 Mohammad well, Sallyberg",E9 7GR,c7122970916297419177,296,pes
Alice,robeRtS,27,10,1961,Female,"877 William walk, North Peter",TA1 2AF,c6711672801153804663,297,pes
Alice,Roberts,27,10,1961,Female,"877 William walk, North Peter",TA1 2AF,c8700601895577316688,297,cen
Alan,Bishop,11,1,2004,Male,"Studio 92, Dobson locks, Lake Terenceview",E4 6YG,c5359996651857883114,298,cen
Bradley,Walsh,13,6,2002,Male,"0 Arthur brooks, Lake Mitchell",E4 6YG,c8450314397457805259,298,cen
Alan,Owen,11,1,2004,Male,"Studio 92, Dobson locks, Lake Terenceview",E4 6YG,c1861344856449934811,298,pes
Mitchell,Osborne,24,7,1954,Male,"Studio 29l, Dean stream, Richardsonport",S23 4PD,c5388039990990860733,299,cen
Jacob,Osborne,24,7,1954,Male,"Studio 29l, Dean stream, Richardsonport",S23 4PD,c3166280451043006148,299,pes
Julian,Curtis,27,10,2016,Male,"7 Carr glens, North Rosiechester",E0G 5TJ,c7797024032951971140,300,cen
julian,Evans,27,-9,2018,Male,"7 Carr glens, North Rosiechester",E0G 5TJ,c3863114202715543104,300,pes
Frank,BensoX,13,5,2012,M,"Studio 9, Brown flats, East Emilytown",CT7 5HT,c8439229682324737279,301,pes
Frank,O'Connor,13,5,2012,M,"Studio 9, Brown flats, East Emilytown",CT7 5HT,c5029524530198599542,301,cen
Janice,Watson,15,5,2007,Female,"74 Rosie shoal, Williamsonmouth",TA1 9ZY,c2359100435549007336,302,pes
Janice,Watson,15,5,2007,Female,"74 Rosie shoal, Williamsonmouth",TA1 9ZY,c6074512032301121471,302,cen
Damian,Jenkins,19,8,2005,Male,"Flat 02, Katherine locks, Ryanberg",N57 4JF,c3137522479172855429,303,cen
Dsmian,Jenkins,19,8,2005,Male,"FlaT 02, katHeriNe loCks, RYanberg",N57 4JF,c1426246332815031823,303,pes
Margaret,Hill,26,7,1970,Female,"Flat 37, Perry mountains, Lake Julie",B08 3LL,c4884137242942981391,304,cen
Margaret,Smith,-9,7,1978,Female,"Flat 37, Perry mountains, Lake Julie",B08 3LL,c8088063095780174045,304,pes
Maureen,Whitehead,10,6,1963,Female,"Flat 1, Holly spur, Port Kevintown",DE1 7DP,c9173170406398152268,305,pes
Maureen,Whitehead,10,6,1963,Female,"Flat 1, Holly spur, Port Kevintown",DE1 7DP,c7574304073440421093,305,cen
lesley,Kirk,16,10,1969,M,"Flat 56g, Jordan crossing, Charliehaven",PO86 8ZZ,c5210636645830499770,306,pes
Elizabeth,Jones,-9,7,2008,Female,"77 Byrne ways, New Marieton",PO86 8ZZ,c6309626886861114844,306,pes
Elizabeth,Jones,13,7,1961,Female,"Studio 14E, Barrett gateway, Charlotteton",PO86 8ZZ,c8604928364327439239,306,cen
Peter,Murphy,11,1,1965,Male,"Studio 6, Short lakes, Williamland",N1C 1GE,c6278327432625281371,307,pes
Declan,Vincent,11,2,1980,M,"Studio 93P, Parker ramp, New Kelly",N1C 1GE,c7625571582784209388,307,pes
Shane,Vincent,5,5,1980,M,"Studio 93P, Parker ramp, New Kelly",N1C 1GE,c2911362327872155290,307,cen
Mark,Williams,24,10,1975,Male,"Studio 52h, Alice cliffs, West Joanne",M00 9ND,c4541576275166774695,308,pes
Beth,Thompson,9,1,1991,Female,"288 Davies manor, Turnerburgh",M00 9ND,c8086763180483794669,308,pes
Mark,Williams,24,10,1975,Male,"Studio 52h, Alice cliffs, West Joanne",M00 9ND,c3811586244187334445,308,cen
Melanie,smtth,27,6,1991,M,"92 Elliott crossing, Lake Peterstad",DG65 2ZY,c4686147029556232341,309,pes
Robin,Smith,27,6,1989,M,"92 Elliott crossing, Lake Peterstad",DG65 2ZY,c5679038834788763867,309,cen
Stuart,Burke,3,4,1946,Male,"Studio 86Z, Gray fields, Normanburgh",M8 2XJ,c3536561910748225095,310,cen
Stuart,Butke,3,4,1949,Male,,M8 2XJ,c2361105382310003636,310,pes
Geraldine,Jackson,14,5,1958,F,"Flat 64D, Barry estate, Dennisfurt",M8 2XJ,c5592708559597843076,310,cen
TraUy,Coou,14,11,1984,Female,"studiO 43, alicE shores, wesT coNnor",WC67 1ZN,c7342197364927982313,311,pes
Tracy,Cook,14,11,1984,Female,"Studio 43, Alice shores, West Connor",WC67 1ZN,c5582501573264395227,311,cen
Timothy,Burns,25,11,1998,Male,"Flat 35L, Martin mill, Chloeport",DY0 9EP,c2755722588694993057,312,cen
Timothy,Burns,25,7,-9,Male,"Flat 35L, Martin mill, Chloeport",DY0 9EP,c9166975029270134573,312,pes
Katy,Sharp,8,8,1994,2,"64 haRGreAveS fOrEST, lakE abbiE",HD58 8QG,c8179661035476438549,313,pes
Katy,Sharp,8,8,1994,2,"64 Hargreaves forest, Lake Abbie",HD58 8QG,c5054219033625195549,313,cen
Jay,Joyce,1,7,2009,Male,"Flat 64Q, Murphy path, Jacobton",E82 3GT,c6758310579331708212,314,cen
Jay,Hall,1,7,2009,Male,"Flat 64Q, Murphy path, Jacobton",E82 3GT,c8416604352745760975,314,pes
-9,Fmx,15,7,1972,Male,"9 George ports, South Ruth",SA3B 3HN,c7418653212932129584,315,pes
Stephen,Khan,15,9,1972,Male,"9 George ports, South Ruth",SA3B 3HN,c1929864267686188577,315,cen
Josh,Smith,16,2,1955,Male,"Studio 2, Robin turnpike, Ronaldfort",KY2 2BH,c7984613072092124104,316,cen
Josh,Smith,16,2,1955,Male,,KY2 2BH,c5284716461124542739,316,pes
Terence,Jones,10,11,1966,Male,"5 Reynolds greens, West Elainemouth",W59 6QX,c3090575534997007062,317,cen
Terence,Jones,10,8,-9,Male,"5 Reynolds greens, West Elainemouth",W59 6QX,c6141161048498969764,317,pes
Jake,Khan,7,10,1947,Male,"Flat 7, Booth oval, Danielfurt",CV18 8HA,c7420744387783060452,318,cen
Jake,Khae,7,10,1947,Male,"Flat 7, Booth oval, Danielfurt",CV18 8HA,c2119335529715634727,318,pes
Stephen,Williams,3,1,1960,1,"Studio 7, Reece estates, New Oliviahaven",BS2M 7HJ,c8197191938771302787,319,cen
Stephen,Hodgson,3,1,-9,1,"Studio 10z, Walker station,SEast Carly",BS2M 7HJ,c2229836124501487295,319,pes
Carole,Greenwood,23,6,2013,Female,"Studio 91B, Coleman village, West Nicholasville",SO43 6RJ,c2011886646534774053,320,cen
neil,Daniels,14,10,1981,1,"Flat 24r, Bevan harbor, Crawfordport",SO43 6RJ,c6389921668079505773,320,pes
Carole,Willis,23,6,2013,Female,"Studio 91B, Coleman village, West Nicholasville",SO43 6RJ,c5285577465845883759,320,pes
Martin,Ahmed,28,9,1983,1,"281 Henderson expressway, South Kyle",RH21 2BS,c5898826944631955393,321,pes
Martin,Ahmed,28,9,1983,1,"281 Henderson expressway, South Kyle",RH21 2BS,c9182584740988540413,321,cen
Leon,Ward,4,6,1958,Male,"Flat 83, Carolyn drive, wast Phillip",EH22 8XX,c6155175908770219268,322,pes
Leon,Ward,4,6,1958,Male,"2 Burgess parkway, Port Shanemouth",EH22 8XX,c4227831841089545647,322,cen
Chloe,Evans,5,12,1981,Female,"Studio 85E, Judith knoll, Berryland",M6W 0ZD,c6273636190484280256,323,cen
Hazel,Evans,5,12,1981,Female,"Studio 85E, Judith knoll, Berryland",M6W 0ZD,c3926557084162953253,323,pes
Sandra,Pratt,12,10,1950,Female,"43 Woods bypass, Begumshire",LE4V 1BZ,c5457409288251014086,324,pes
Gavin,Booth,14,11,1972,Male,"Flat 9, Davies corner, West Kathrynburgh",LE4V 1BZ,c7965951837341338531,324,pes
Gavin,Young,17,11,1972,Male,"Flat 9, Davies corner, West Kathrynburgh",LE4V 1BZ,c3672965942885381075,324,cen
uaomi,Baker,28,9,2007,2,"752 daniel heights, fosterbErg",B0 4YA,c5082019359549324625,325,pes
Naomi,Baker,28,9,2006,2,"752 Daniel heights, Fosterberg",B0 4YA,c6785290086090020846,325,cen
Stephanie,King,21,6,1983,F,"4 Elliot drives, Tracybury",M3B 8XT,c2109927551230131572,326,cen
stephaNie,King,-9,6,1983,F,"Flat 85, Elliot expressway, North Ruthview",M3B 8XT,c8517108221435627602,326,pes
Catherine,Conway,31,7,1996,2,"Studio 84QXLiam meadow, Port Kayleigh",N5 1LJ,c4935988769017635907,327,pes
Hayley,Conway,31,7,1996,2,"Studio 84Q, Liam meadow, Port Kayleigh",N5 1LJ,c4049305346070547989,327,cen
Kerry,Henderson,18,11,1971,1,"09 Gardner ridge, New Tina",N5 1LJ,c4341949462843124894,327,cen
Michael,Bennett,24,3,1990,Male,"006 Chambers shore, New Timothy",S15 7QD,c1594398973187372263,328,cen
Max,Walker,21,10,1934,1,"Studio 0, Fox spring, West Katie",S15 7QD,c5112827094063470107,328,pes
Max,Walker,21,10,1934,1,"Studio 0, Fox spring, West Katie",S15 7QD,c7115171676012702188,328,cen
Rita,Patel,24,3,1982,Female,"5 Ben place, New Nataliebury",E61 9YH,c2467972563806154297,329,pes
Mmrcus,Andrews,-9,10,1994,M,"Flat 4, Peter way, Lake Jamesborough",E61 9YH,c2668009588718897280,329,pes
Rita,Patel,24,3,1982,Female,"5 Ben place, New Nataliebury",E61 9YH,c4181204598125684458,329,cen
Nigel,Hill,28,12,1994,M,"9 Beth point, West Abigail",SR5 3BH,c8945888065722004471,330,pes
Nigel,Morgan,28,12,1994,M,"9 Beth point, West Abigail",SR5 3BH,c2199780645536780555,330,cen
Dominic,Moss,30,1,-9,Male,"Flat 7, Toby track, Shannonborough",WN1A 0LT,c5151160849391960968,331,pes
Raymond,Moss,30,1,1981,Male,"Flat 7, Toby track, Shannonborough",WN1A 0LT,c1775685162192460913,331,cen
Rhys,Gordon,20,6,1977,M,"Flat 2, Jordan pine, West Hilaryland",B6 7RF,c4533198799091527298,332,cen
Rhys,Gordon,20,6,1977,M,"Flat 2, Jordan pine, West Hilaryland",B6 7RF,c7933917004753166495,332,pes
Jack,Smith,30,12,1956,Male,"7 Lowe valleys, South Dianebury",B6 7RF,c2707050832557524983,332,pes
Emily,Taylor,5,10,2016,Female,"studIo 98, brown knOll, wyAtTTon",B3A 7UN,c3557745734375819183,333,pes
Emily,Taylor,5,10,2016,Female,"Studio 6, Mary fort, Turnerberg",B3A 7UN,c4809007876490188907,333,cen
Charles,Blake,2,1,1940,Male,"Studio 4, Ronald extension, Port Thomasfort",N4 0EW,c2614665781514759348,334,cen
Charles,Blake,10,1,1940,Male,"Studio 4, Ronald extension, Port Thomasfort",N4 0EW,c4603410070572239917,334,pes
Samantha,Slater,23,10,1943,Female,"Flat 5, Stuart landing, South Nicole",N4 0EW,c8172784348990299537,334,pes
Jason,Hammond,13,3,2013,Male,"Flat 95F, Tom forges, Lake Adam",S0K 0RG,c2057806899328018071,335,cen
Jason,Hammond,13,5,1991,Male,"Llat 95F, Tom forges, Lake Adam",S0K 0RG,c5469618587097884563,335,pes
Robin,Swift,1,10,1975,Male,"898 Webb center, South Lawrencemouth",YO1R 2TH,c3285841618158533226,336,pes
George,Cole,29,10,2010,Male,"Flat 42, Josh viaduct, North Paulatown",YO1R 2TH,c3206653645602330089,336,pes
George,Wilson,29,10,2010,Male,"Flat 7, Maurice gateway, South Glenn",YO1R 2TH,c1457175958253193379,336,cen
Dorothy,Lowe,12,4,1957,Female,"Flat 69H, Saunders plains, Port Katherine",TQ5P 9SJ,c2272002269613213396,337,cen
Dorothy,lowe,12,4,1957,Female,"Flat 69H, Saunders plains, Port Katherine",TQ5P 9SJ,c5057108619597710511,337,pes
Claire,Parsons,26,12,1985,Female,"2 Gareth passage, Brettland",TQ5P 9SJ,c6443342430039366513,337,pes
Frederick,Middleton,12,9,1952,Male,"32 Ahmed grove, South Roger",HG9 2QD,c6791928578529646648,338,cen
Frederick,Hamilton,12,9,1952,Male,"32 aHmed groVe, souTh roger",HG9 2QD,c7581289769380475639,338,pes
Paula,Hope,3,4,1939,Female,"Studio 55l, Holland camp, New Janethaven",EN44 6FG,c4129352775918133529,339,pes
Paula,Hope,3,4,1939,Female,"Studio 55l, Holland camp, New Janethaven",EN44 6FG,c6730243679762701561,339,cen
Kimberley,north,24,2,-9,Female,"09 Ahmed trail, Ellismouth",EN44 6FG,c4097646808655929113,339,pes
Mathew,King,9,9,2004,Male,"20 Phillip mountains, Robertchester",HS69 4TU,c6995293881740838917,340,cen
Mathew,King,9,-9,2004,Male,"20 Phillip mountains, Robertchester",HS69 4TU,c1743197728720775815,340,pes
Jasmine,O'Connor,24,3,1948,-9,"Flat 57, Toby curve, South Iain",B4C 9DB,c1287628465973046861,341,pes
Jasmine,Roberts,24,3,1948,2,"Flat 57, Toby curve, South Iain",B4C 9DB,c2537093781501918295,341,cen
Charles,Parker,20,12,1980,Male,"Studio 68, Pritchard freeway, South Maurice",B4C 9DB,c4532876997299794904,341,pes
Mary,Jones,12,4,2016,Female,"Studio 8, Stevens plain, Jordanville",SR5 7GT,c6143365389887675041,342,cen
Mary,Jones,12,4,2016,Female,"Studio 8, Stevens plain, Jordanville",SR5 7GT,c2409379781562511857,342,pes
Owen,Jones,24,7,1996,M,"Studio 3, Thomas spring, Williamsberg",DD5 9AY,c2516325507553793534,343,cen
Owen,Jones,24,7,-9,M,"9 Emily alley, Wardtown",DD5 9AY,c2973367008294068878,343,pes
patrIcia,Allan,29,8,1964,Female,"74 Amelia street, Lindseystad",ZE67 0PU,c5281909374570019694,344,pes
Josephine,Carey,5,6,1954,Female,"23 Jennifer brook, Thompsontown",ZE67 0PU,c4826480965231922513,344,pes
Patricia,Allan,29,8,1938,Female,"74 Amelia street, Lindseystad",ZE67 0PU,c6326850179860788251,344,cen
gerald,ooNes,18,6,-9,M,,IG32 7JH,c4051842138373910202,345,pes
Amy,Clarke,28,4,-9,1,"Flat 22, Victoria road, Port Jane",IG32 7JH,c2120547678807328105,345,pes
Graham,Clarke,28,4,1968,1,"Flat 22, Victoria road, Port Jane",IG32 7JH,c7806450658109161402,345,cen
Patricia,Reid,28,4,1976,Female,"Studio 69O, Bradshaw glen, Janebury",G3 8YF,c1349650277611305978,346,cen
Patricia,Reid,28,4,1976,Female,"Studio 69O, Bradshaw glen, Janebury",G3 8YF,c5297393220413329499,346,pes
Iain,Rowe,28,4,2021,Male,"49 Smith roads, East Thomasberg",TR61 4LA,c7448231253633556030,347,cen
Iain,Rowe,28,4,-9,Male,"49 Smith roads, East Txomasberg",TR61 4LA,c8682065123119405372,347,pes
Gareth,jOnEs,28,4,2021,Male,"49 Smith roads, East Thomasberg",TR61 4LA,c5980492599506248946,347,pes
Marion,Ahmed,4,9,2006,Female,"777 Carole road, Websterchester",WV6P 4XX,c4592289504054904479,348,pes
Marion,Ahmed,11,9,2006,Female,"017 Megan ridge, Colinville",WV6P 4XX,c7794864761551326262,348,cen
Gregory,Barker,2,6,1944,2,"6 Gibson route, McCarthyland",TA80 8JG,c8100112828629220993,349,pes
Lydia,Barker,2,6,1938,2,"6 Gibson route, McCarthyland",TA80 8JG,c1076108700813910083,349,cen
Lesley,Clark,3,12,1992,Male,"56 Schofield landing, Elainetown",M8 9NJ,c4899142524710453919,350,pes
Marie,Jones,24,1,2007,Female,"Flat 62W, Wallace dale, BennettbQrgh",M8 9NJ,c1180150460597783406,350,pes
Lesley,Clark,3,9,1956,Male,"07 Walker meadow, East Jade",M8 9NJ,c3786209234697162064,350,cen
Karen,Sullivan,17,11,1985,Female,"19 Edwards fall, Walkerfurt",M8 9NJ,c5923907449773579778,350,cen
steven,Edwards,7,1,2014,M,,S01 2DY,c2252108700429678288,351,pes
Marcus,Knowles,12,8,2011,Male,"Studio 73, Glover trail, Lake Karen",S01 2DY,c9122624089242389080,351,pes
Marcus,Knowles,23,8,2011,Male,"Studio 73, Glover trail, Lake Karen",S01 2DY,c5571090048399103831,351,cen
Adam,roBinsoN,8,4,1939,Female,"Studio 12S, Andrea gateway, Lake Bethan",M3B 1JJ,c6309806288228450691,352,pes
Cheryl,Robinson,8,4,1939,Female,"Studio 12S, Andrea gateway, Lake Bethan",M3B 1JJ,c3724546885435668896,352,cen
-9,Bennett,31,6,2009,1,"Studio 57, Arthur pike, Jayberg",S7E 2SQ,c5399361541529446068,353,pes
Louis,Bennett,31,1,2022,1,"Studio 57, Arthur pike, Jayberg",S7E 2SQ,c6780581053297976398,353,cen
Hazel,Clarke,14,11,2021,Female,"Studio 1, Roberts island, New Franceschester",HD1B 8QE,c7628627491870499868,354,cen
Hazel,Clarke,14,11,2021,Female,"Studio 1, Roberts island, New Franceschester",HD1B 8QE,c3754215601899363708,354,pes
William,Stephens,16,10,2002,1,"Flat 7, Simon parks, Lyndaville",S7B 4AP,c5928647104890195436,355,cen
William,Stephens,16,10,2002,1,"92 Sutton causeway, Brandonton",S7B 4AP,c4596991940624891645,355,pes
Billy,West,17,11,-9,-9,"Flat 45I, Victor drive, North Nicholas",TF46 3NZ,c6305687019757022879,356,pes
Carolyn,Harveq,2,9,1992,M,"16 Janet gateway, Lake Tinaside",TF46 3NZ,c8708236466594513585,356,pes
Jeremy,Patel,2,9,1992,M,"40 Jessica via, Geraldineville",TF46 3NZ,c2557518851499988988,356,cen
Phillip,Khan,23,7,1954,M,"Studio 30p, Arthur isle, Bellfort",GL95 6HL,c4717150834913459386,357,cen
Gary,Smith,22,7,1964,Male,"995 Morris court, South Matthewburgh",GL95 6HL,c5964208504861948557,357,pes
Thomas,Khan,25,7,1954,M,"48 Frederick meadow, Taylorton",GL95 6HL,c6498563748297685491,357,pes
Michael,Williams,25,8,1993,M,"12 Tom path, Wilsonton",BR28 8TH,c7830589606827071855,358,cen
Yichael,Edwards,25,-9,2017,M,"Studio 8, Lewis via, Glennburgh",BR28 8TH,c7775803257636597727,358,pes
Douglas,Burton,15,2,1941,1,"7 White drive, Joanstad",M3K 2SJ,c3177978310250665052,359,cen
Martin,Barnes,15,2,1941,1,"7 White drive, Joanstad",M3K 2SJ,c8377481686215250849,359,pes
Luke,Taylor,18,1,1957,M,"9 Tracey mountains, North Ritahaven",CA16 8PG,c1965789501795985457,360,cen
Melissa,Taylor,14,1,1957,M,"Flat 76, Howard port, East Claire",CA16 8PG,c8760775744773617690,360,pes
-9,JohnsoW,19,6,2007,1,"5 Watts centers, Carterberg",CA16 8PG,c4586574657545710522,360,pes
Naomi,Franklin,5,1,1941,Female,"Studio 0, Hurst extension, West Jasminemouth",S9S 2UF,c1813974661693181724,361,cen
Naomi,Franklin,5,1,-9,-9,"Studio 4, Carroll plaza, Lake Adrianbury",S9S 2UF,c7169270250661254638,361,pes
Claire,Hughes,25,10,1952,M,"09 Russell points, Robertsview",MK8P 1DD,c8361563618864545299,362,pes
Anthony,Thomson,22,11,1986,Male,"33 Bradley ports, Port Carlton",MK8P 1DD,c8734326642615621964,362,cen
Anthony,-9,2,11,1986,-9,"33 Bradley ports, Port Carlton",MK8P 1DD,c8543760000265794565,362,pes
Ann,Hall,13,1,2000,Female,"79 Dennis street, Fraserfort",W01 4EA,c3415841502113300232,363,cen
Jason,Harper,13,4,1954,Male,"25 white JuNctioNS, norTh victoR",W01 4EA,c8752296415279210258,363,pes
Anv,Freeman,13,1,2000,Female,"79 Dennis street, Fraserfort",W01 4EA,c7572843104379470417,363,pes
Denise,Long,30,4,1946,F,"8 Begum prairie, South Robinfurt",AB7 2LY,c4988058424896899077,364,cen
Denise,Long,30,-9,-9,F,"8 Begum prairie, South Robinfurt",AB7 2LY,c5926421009802476409,364,pes
Scott,Tucker,28,10,1961,-9,"874 Stevens pines, Dominicberg",AB7 2LY,c5596889455799406729,364,pes
LyNn,Walton,28,4,2007,Female,"Studio 51, Khan fork, Lake Stuartville",L17 0AX,c8135910906016776878,365,pes
Francesca,-9,10,5,1971,Female,"Flat 53e, Ellis lodge, West Jeffrey",L17 0AX,c6459247289990021862,365,pes
Francesca,Phillips,10,5,1971,Female,"Flat 53e, Ellis lodge, West Jeffrey",L17 0AX,c4122891149403021615,365,cen
elliotT,Hall,14,8,-9,Male,"97 Smith camp, Robinsonborough",LS7 0BU,c7115093431090675254,366,pes
Elliott,Hall,14,8,1960,Male,"97 Smith camp, Robinsonborough",LS7 0BU,c8744547814570546892,366,cen
Emma,Barnes,3,4,1947,F,"543 Sam field, East Danielle",M3B 6LE,c4953255032061377982,367,pes
Emma,Barnes,3,4,1947,F,"Studio 23, Jones knoll, East Juliafort",M3B 6LE,c5992137518797560690,367,cen
Catherine,Jones,27,10,1940,Female,"16 Hudson field, Gemmafort",N8 6TP,c7272604655775719942,368,cen
Catherine,Jones,27,10,1940,Female,"16 Hudson field, Gemmafort",N8 6TP,c8995292526455894920,368,pes
Chnnor,Steele,6,8,1968,1,"06 Ward shoals, East Dean",S0 2FE,c3399518453768614955,369,pes
Connor,Steele,6,8,1968,1,"06 Ward shoals, East Dean",S0 2FE,c8981231894316415620,369,cen
-9,Graham,2,8,1957,-9,"425 Marshall valleys, Rogerview",SN0 1NP,c4019295438723150707,370,pes
Mark,Graham,2,8,1957,Male,"425 Marshall valleys, Rogerview",SN0 1NP,c1448264360328164718,370,cen
Samantha,Williams,27,10,1976,Female,"Flat 9, Anthony square, Naomishire",SK7X 4HZ,c3989062218479658168,371,pes
Elliott,Nicholson,10,7,1993,M,"45 Andrea route, North Hughmouth",SK7X 4HZ,c4343018551907261596,371,cen
Elliott,Nicholson,1,7,1993,M,"SFudio 35, George throughway, Whittakerland",SK7X 4HZ,c5193861069521772124,371,pes
roNald,Rrice,1,-9,1941,Male,"Studio 21, Hammond rue, West Ashleigh",OL4 0TB,c4112893131044694713,372,pes
Ronald,Price,1,12,1941,Male,"Studio 21, Hammond rue, West Ashleigh",OL4 0TB,c7977870865142168811,372,cen
Georgia,Barnes,25,10,1979,2,"879 Parker green, New Sharonland",B3 4FG,c8156519159475183710,373,pes
Shane,iavison,19,9,1993,Male,"62 Holly way, Lynchtown",B3 4FG,c9113246873849951029,373,pes
Michelle,Barnes,25,10,1979,2,"879 Parker green, New Sharonland",B3 4FG,c5776712048695183372,373,cen
Michelle,BarnSs,25,4,1979,2,"879 Parker green, New Sharonland",B3 4FG,c6738029005694702853,373,pes
Donna,WiLliAmS,21,5,1956,Female,"Flat 72K, Wright common, South Carole",BL5 4LY,c3566464289243032164,374,pes
Donna,Williams,21,5,1956,Female,"Flat 72K, Wright common, South Carole",BL5 4LY,c2386074156911778281,374,cen
Donna,potTer,21,5,1956,Female,"Stedio 31, Beverley garden, Port Joseph",BL5 4LY,c5262573630339496621,374,pes
Paula,Bradley,2,7,1991,Female,"9 Jodie hills, Shaunhaven",DN8 7WZ,c6765161630482531403,375,cen
Paula,Bowen,3,11,1991,Female,"9 Jodie hills, Shaunhaven",DN8 7WZ,c4888249255444938098,375,pes
David,Smkth,-9,10,1957,Female,"Flat 96, Richards locks, Ronaldside",E9F 4SX,c7908529404791901574,376,pes
Diane,Watson,3,-9,1965,Female,"Flat 7, Robert plains, Billyfurt",E9F 4SX,c8037398827009242966,376,pes
Diane,Watson,7,11,1965,Female,"Flat 7, Robert plains, Billyfurt",E9F 4SX,c8450385596175535150,376,cen
Annette,Hussain,20,4,1950,Female,"Flat 8, Clarke landing, Joannamouth",IG81 9NS,c1480404876197060094,377,pes
Annette,Hussain,15,4,1950,Female,"Flat 8, Clarke landing, Joannamouth",IG81 9NS,c9146298511156366195,377,cen
Hannah,Hayes,30,12,1940,Female,"Studio 6, Lesley shores, Lake Keith",E1U 9AD,c2365557279944250507,378,cen
Hannah,Hayes,30,12,1998,Female,"Studio 6, Lesley shores, Lake Keith",E1U 9AD,c3068084423052951619,378,pes
Simon,Murphy,8,5,2013,Male,"Flat 88, Lawrence tunnel, Carolineport",M4U 9DA,c1286201213502188909,379,pes
Simon,Lewis,8,5,2013,Male,"Flat 88, Lawrence tunnel, Carolineport",M4U 9DA,c4909616070444323687,379,cen
Frank,Sutton,9,5,1984,1,,WV31 2RE,c3280785899209474341,380,pes
Frank,Sutton,9,5,1984,1,"33 Aaron land, Armstrongshire",WV31 2RE,c1502472110079362412,380,cen
Barry,Watson,10,4,1975,Male,"Studio 3, Austin well, Marcusside",IP24 2UH,c3966296284143735837,381,cen
Barry,Watson,10,4,1975,Male,"Studio 3, Austin well, Marcusside",IP24 2UH,c8740519924338609461,381,pes
Louis,Kelly,12,2,2020,Female,"55 Samuel dam, West Mollyfort",IP24 2UH,c2974803603853338847,381,pes
Lewis,Humphries,14,6,1944,Male,"Studio 1, Sara parkway, Oliviatown",E5H 2ZZ,c4976927195991708612,382,cen
Lewis,Humphries,9,6,1944,Male,"Studio 1, Sara parkway, Oliviatown",E5H 2ZZ,c6730809935843270646,382,pes
Brian,Pugh,9,7,1946,Male,"10 Joanna street, Thomasmouth",ST5 6AT,c3200188742826887051,383,pes
Brian,Pugh,9,7,1946,Male,"923 Davies square, East Ritaview",ST5 6AT,c4738379924699781779,383,cen
Beverley,Robinson,13,9,1944,Male,"Flat 39, Hazel trail, Ahmedview",CB1P 0RU,c5367829840465757332,384,pes
Stanley,Robinson,10,10,1944,Male,"Flat 39, Hazel trail, Ahmedview",CB1P 0RU,c8503789181699593509,384,cen
Caroline,Nelson,25,10,1944,Female,"Flat 8, Dixon parkways, Michaelborough",NN6R 8BG,c4511093343452545679,385,cen
Caroline,nElson,25,10,1944,Female,"Flat 8, Dixon parkways, Michaelborough",NN6R 8BG,c2055056417035233201,385,pes
Gail,Turner,29,11,1952,2,"915 Wayne mall,QEast Albert",PE5 2BT,c5289181443412493883,386,pes
Gail,Fry,29,11,1952,2,"915 Wayne mall, East Albert",PE5 2BT,c2016156906905009223,386,cen
Jemma,fyers,12,9,2003,Female,"Studio 38, Hilary Grail, Port Deanhaven",M63 4NQ,c7640302049727757762,387,pes
Catherine,Kaur,4,6,1980,Male,"Studio 07, Geoffrey rest, West Jonathanland",M63 4NQ,c9563582778560077898,387,pes
Stephen,Kaur,29,6,1980,Male,"Studio 07, Geoffrey rest, West Jonathanland",M63 4NQ,c1448698918694980833,387,cen
Stephen,Wood,29,6,1980,Male,"Studio 07, Geoffrey rest, West Jonathanland",M63 4NQ,c3363430960219824880,387,pes
OliVia,LyoZs,11,9,1936,Male,"Flat 8, Lee hollow, New Junebury",W7E 7YD,c4402457440029208349,388,pes
Olivia,Lyons,11,9,2014,Male,"Flat 8, Lee hollow, New Junebury",W7E 7YD,c4880886966700653894,388,cen
Chloe,Stephenson,-9,9,1937,2,"639 Hughes turnpike, Cooperburgh",BS7X 4FQ,c7625676030176136767,389,pes
Nigel,Cartwright,18,9,1944,Male,"Studio 38l, Janice prairie, Francescaview",BS7X 4FQ,c3171971538306550321,389,pes
Nigel,Thomas,18,9,1944,Male,"Studio 38l, Janice prairie, Francescaview",BS7X 4FQ,c6496081527568180148,389,cen
Frank,Stephenson,3,12,1974,Male,"Flat 9, Hughes trafficway, East Paul",KT96 1SN,c8970448994289158569,390,cen
Jonathan,Davies,3,-9,1947,Male,"Flat 9, huGHes TraffiCWvy, east paul",KT96 1SN,c8173863877632984747,390,pes
Luke,WaLkEr,9,8,1985,Male,"Studio 6, Carolyn loaf, Hawkinsburgh",LU9 6QR,c2510472948492646592,391,pes
Luke,Walker,9,8,1985,Male,"Flat 9, Smith crescent, Susanchester",LU9 6QR,c9216319141889820764,391,cen
Hugh,hoLt,18,9,1979,Male,"855 Gough union, East Harriet",S5 4ZW,c3868827682999103692,392,pes
Hugh,Holt,18,9,1979,Male,"185 Kaur run, Naomitown",S5 4ZW,c8578140466729450476,392,cen
Sian,Pearce,29,5,1977,Male,"2 Georgia squares, Bethanychester",S5 4ZW,c6881811651305314262,392,cen
Zoe,Woods,21,11,1997,Female,"194 Georgia summit, Huntfort",KY44 3NH,c7285581524104498020,393,cen
Zoe,Spencer,-9,11,1997,Female,"194 Georgia summit, Huntfort",KY44 3NH,c6310787402839387675,393,pes
Dylan,Smith,12,6,1945,1,"55 Taylor shoals, Francestown",G30 9QX,c4461595708837777570,394,pes
Dylan,Watson,12,6,1945,1,"55 Taylor shoals, Francestown",G30 9QX,c8419431306140620086,394,cen
Heather,jaCkson,5,4,1964,1,"Flat 47, Charlie stream, Georgefort",G30 9QX,c7293789121375317657,394,pes
Liam,Arnold,11,6,1996,1,"55 Jaxne junctions, North Traceytown",G2U 2SN,c2829269335131763744,395,pes
Liam,Arnold,11,6,1996,1,"55 Jayne junctions, North Traceytown",G2U 2SN,c8994145727906785447,395,cen
Gary,Marshall,1,2,1972,M,"9 Lydia divide, Joanchester",SK91 2LB,c5060339770975115405,396,pes
ChristiaN,Shaw,26,9,1998,1,"884 Goddard stream, Beverleyberg",SK91 2LB,c6461138852350820678,396,pes
Christian,Shaw,26,9,1935,1,"884 Goddard stream, Beverleyberg",SK91 2LB,c6672641879283668258,396,cen
Damian,Reeves,17,7,2005,Male,"00 Malcolm spur, Lake Teresaside",M8F 4HL,c4189862315286428975,397,pes
Michelle,little,16,3,1974,Female,"Flat 9, Ronald island, Margaretchester",M8F 4HL,c8660671154361473851,397,pes
Damian,Reeves,17,7,2005,Male,"30 Chambers way, South Fionaberg",M8F 4HL,c4930087790376633338,397,cen
Lynn,Lee,28,6,2018,Female,"Studio 75Z, Kimberley union, Fletcherborough",WR87 2UU,c8760149421318482084,398,cen
Lynn,Lee,28,6,2018,Female,,WR87 2UU,c3239890215664809258,398,pes
Ashley,Baker,8,4,2006,Male,"Studio 8, Rosemary mission, Port Lewisshire",SP0H 9GW,c5113345120730978327,399,cen
Hshley,Phillips,8,4,2006,Male,"Studio 8, Rosemary mission, Port Lewisshire",SP0H 9GW,c7430470425223246892,399,pes
